t	x_tail	x_peak	y_peak	x_mean	x_nose	x_nose_ISC	volume	UmeanV	delta_min	delta_mean	delta_max	delta_min_smooth	delta_max_smooth
0.17413 2.20371675491333 2.400868855114996 0.45354651770502175 3.482412576675415 5.025411128997803 ? 1.6028870953001435 1.231924335226549 0.046408642458032 0.05009076414782704 0.05420611364723771 0 0
0.362973 2.5704588890075684 2.422572991027512 0.4611680447001138 3.715386152267456 5.3875555992126465 ? 1.6027848798041806 1.2346085875935982 0.038786353157779396 0.055565465357024835 0.4947621720838948 0 0
0.556045 2.931124448776245 2.519777292966342 0.48688304066001276 3.9540443420410156 5.733437538146973 ? 1.6030323163324283 1.2381860427917628 0.013068703974166096 0.07487342657214474 0.4947621720838948 0 0
0.749304 3.271700859069824 2.676414032938099 0.46932892351315403 4.1944427490234375 6.0676045417785645 ? 1.6024117825496684 1.2466499295118174 0.0306241715363757 0.0860789753447263 0.49962677128911037 0 0
0.942563 3.598818063735962 2.9266651898983156 0.3539927520541029 4.436427593231201 6.395863056182861 ? 1.60204435753077 1.2536317394073613 0.04093597655346293 0.08623510694035941 0.4947621720838948 0 0
1.10827 3.8669941425323486 3.171819381039552 0.3310865973914158 4.644898414611816 6.668406963348389 ? 1.6018262134374688 1.2596052634905073 0.04427965524868088 0.08556231860604396 0.499281255151443 0 0
1.27861 4.136969566345215 3.4567316831952515 0.31160119359604266 4.860060691833496 6.95267391204834 ? 1.6019011316685838 1.267228512113857 0.04532408090095574 0.08387459237545769 0.4947621720838948 0 0
1.44432 4.399276256561279 3.4132844076500928 0.4611902935474117 5.0706281661987305 7.223056793212891 ? 1.6020840134182555 1.2745559568494436 0.03876410208515174 0.09897199571259424 0.4947621720838948 0 0
1.62507 4.683461666107178 3.5864197543793077 0.4665414113164173 5.301659107208252 7.518121719360352 ? 1.6022185367888822 1.2823034519751844 0.033412449097325436 0.10418515739935791 0.4947621720838948 0 0
1.78192 4.930672645568848 3.7683324851993563 0.4635336034121406 5.503255367279053 7.773712635040283 ? 1.6024879567580324 1.289342352257071 0.03642007962533644 0.10683274214173982 0.4947621720838948 0 0
1.9472 5.191119194030762 3.9586463447141225 0.46283619496184586 5.717048645019531 8.045130729675293 ? 1.6025836707707721 1.2963767376150304 0.03711789582592889 0.11029191312661513 0.4961641088664725 0 0
2.11013 5.44596004486084 4.118930711926478 0.46225621431158664 5.928882598876953 8.307597160339355 ? 1.6025120603365686 1.3033906394211903 0.03769807470757769 0.11560277276204933 0.4947621720838948 0 0
2.27704 5.708067417144775 4.294609249419052 0.4635893544623157 6.147180080413818 8.579387664794922 ? 1.6025327472167943 1.3107221532549653 0.03636480121616542 0.12070317271023179 0.4947621720838948 0 0
2.43603 5.9533867835998535 4.460379471336798 0.46812289567875637 6.3563690185546875 8.835622787475586 ? 1.6024644498897493 1.3179611710844337 0.03183080655491416 0.1258356225033217 0.4947621720838948 0 0
2.60158 6.213639736175537 4.6452295190036885 0.46826677250716203 6.575309753417969 9.106194496154785 ? 1.6024118268521024 1.325620476037551 0.03168691533594753 0.1304146313409903 0.4947621720838948 0 0
2.76106 6.4584197998046875 4.79737390858112 0.4688796416021204 6.787575721740723 9.364105224609375 ? 1.6023422579546902 1.3338179028855448 0.031073538745679363 0.13671636365626721 0.49922324109577076 0 0
2.91823 6.7037353515625 4.951371272762652 0.47177841877864196 6.998080253601074 9.618742942810059 ? 1.6022973050816662 1.3423365067975712 0.02817491782959347 0.1426371505038881 0.4947621720838948 0 0
3.07685 6.943668842315674 5.099419942843054 0.4722377771725193 7.211658477783203 9.8753662109375 ? 1.602419961886298 1.3513351666971574 0.027715368147844976 0.14898167106644855 0.4947621720838948 0 0
3.24171 7.192424774169922 5.255062544199213 0.4733956753405668 7.435279846191406 10.141664505004883 ? 1.6024630363308816 1.3606224004208018 0.0265570143994191 0.15535021090858592 0.49614707226708676 0 0
3.40416 7.4342803955078125 5.424065818618757 0.47217183925340617 7.657210350036621 10.404010772705078 ? 1.6024434395319298 1.3696709196020078 0.02778145800491183 0.16043448545445255 0.4947621720838948 0 0
3.56719 7.68140172958374 5.588852520429655 0.47085474000017596 7.881382465362549 10.66857624053955 ? 1.602373243435353 1.3785714760804224 0.02909868899441459 0.16575592292648733 0.4947621720838948 0 0
3.7255 7.922783851623535 5.722138297117905 0.46640812224939604 8.100347518920898 10.923813819885254 ? 1.6023623152450708 1.386893830132207 0.03354531335097599 0.17232394053541206 0.49914274523134217 0 0
3.87939 8.159469604492188 5.9078090158220835 0.46504655972074743 8.314509391784668 11.172689437866211 ? 1.6023371778875972 1.3947406628695302 0.03490745020805791 0.17527485275562305 0.4947621720838948 0 0
4.03126 8.395745277404785 6.028583540440989 0.4630593391076846 8.527027130126953 11.420116424560547 ? 1.6024067916298617 1.4022987646581142 0.036252828093049194 0.18161767325601996 0.4947621720838948 0 0
4.18057 8.6199312210083 6.189871675575455 0.45946186723114196 8.736895561218262 11.660825729370117 ? 1.6024163177137971 1.4095138749622718 0.03719757717042993 0.18530559395948565 0.4947621720838948 0 0
4.33204 8.847826957702637 6.360041021621159 0.46076574530821585 8.951127052307129 11.906790733337402 ? 1.6024679127434598 1.416634714676373 0.03918869278766418 0.18867313217021114 0.4947621720838948 0 0
4.47748 9.0665864944458 6.489891852363489 0.45813664652791247 9.157771110534668 12.139198303222656 ? 1.6023575541699444 1.4233979740367242 0.041818054530438076 0.19356673397381163 0.4947621720838948 0 0
4.62203 9.283047676086426 6.69028435975197 0.4573794222571378 9.364043235778809 12.373148918151855 ? 1.602495786232475 1.4298460899583358 0.0425753545387873 0.19482608909271393 0.4947621720838948 0 0
4.76552 9.495182037353516 6.813254891067568 0.4564331212515605 9.569740295410156 12.607573509216309 ? 1.6026280479013943 1.4359908704901418 0.04207285459832216 0.199570459896604 0.4947621720838948 0 0
4.89731 9.68728256225586 6.9549811886172135 0.4543179331201281 9.759326934814453 12.817538261413574 ? 1.602727699253184 1.4415046286038828 0.040042985052499924 0.2025365222456459 0.4947621720838948 0 0
5.03192 9.875020027160645 7.126997333942073 0.44962371408978435 9.953737258911133 13.041311264038086 ? 1.6027856850895241 1.4470753473022004 0.045887086130705856 0.20433192414668755 0.4947621720838948 0 0
5.17124 10.069564819335938 7.278709246475871 0.4482317056554789 10.155766487121582 13.261896133422852 ? 1.6028485778067882 1.4525244629097502 0.044620285189314546 0.20728253307142985 0.4947621720838948 0 0
5.30134 10.253746032714844 7.4085871699047345 0.44669021821622523 10.34507942199707 13.473306655883789 ? 1.6028615358311442 1.4574377558066516 0.0430087742115276 0.21046622302582807 0.4947621720838948 0 0
5.43179 10.43545150756836 7.568751146583774 0.44469152342211404 10.53565788269043 13.683844566345215 ? 1.6029636731592423 1.4622860156510806 0.042648014108322974 0.21237247095905648 0.4947621720838948 0 0
5.56657 10.623893737792969 7.7269045395521605 0.43927441104126436 10.73293685913086 13.903437614440918 ? 1.6030808193731039 1.4672555239458274 0.044608474887704974 0.21455738030232457 0.4947621720838948 0 0
5.70517 10.814385414123535 7.900295000908935 0.43910008702008424 10.936657905578613 14.125446319580078 ? 1.6032845774306077 1.4722449217569793 0.045767271568402546 0.2163403766026033 0.4947621720838948 0 0
5.83575 10.995695114135742 8.143594309763618 0.45696762056616536 11.129180908203125 14.337235450744629 ? 1.6034093088981927 1.4768322887693526 0.042987197418166534 0.21528150723557116 0.4947621720838948 0 0
5.97012 11.179523468017578 8.301935953883627 0.4554804293211254 11.32786750793457 14.55482292175293 ? 1.603621306665709 1.4814855461806238 0.04447453741208074 0.21731481186875395 0.4947621720838948 0 0
6.10407 11.3645658493042 8.455551414421075 0.4579851944639537 11.526494026184082 14.771692276000977 ? 1.6038503113193376 1.4861041875935126 0.041969419780062966 0.21939341003203466 0.4947621720838948 0 0
6.24837 9.24570083618164 8.616366223795842 0.45677710536630783 11.741216659545898 15.003145217895508 ? 1.60396306680233 1.4907881890903365 0.04317728303030949 0.2218089653920931 0.49924770525424617 0 0
6.38689 9.100034713745117 8.777631791022577 0.45184894122899943 11.947942733764648 15.228809356689453 ? 1.6041812162069133 1.495232381494672 0.048105918330183906 0.2238581639899206 0.49946518605606416 0 0
6.52373 9.243400573730469 8.949309533614494 0.4486876036667437 12.152810096740723 15.448104858398438 ? 1.6042831447409378 1.4995864345257806 0.05126754280770507 0.2254727380897531 0.4997579447948498 0 0
6.66408 9.401044845581055 9.134655675192763 0.4445469320915148 12.363568305969238 15.67679214477539 ? 1.6044617206041052 1.5040031945529495 0.05540863151164138 0.22681610125157187 0.499728163553095 0 0
6.6928 12.17329216003418 11.787930110702874 0.3124292525072358 12.406625747680664 15.721598625183105 ? 1.6044637630286842 1.5047385340902732 0.14719393780519796 0.2196917609471617 0.49629524437068756 0 0
6.72528 9.475831031799316 9.218850145245543 0.4478884222400123 12.455561637878418 15.775386810302734 ? 1.6043882531873583 1.505958126793807 0.05206685770743841 0.22729141847853762 0.4992226631481113 0 0
6.75937 9.517592430114746 9.254929450979613 0.4491431212539195 12.50688648223877 15.829862594604492 ? 1.6045308168364212 1.5070617505364667 0.05081202711108879 0.22791758606032197 0.4992835253939917 0 0
6.79305 10.29060173034668 9.299030995819614 0.447528484870926 12.557616233825684 15.884225845336914 ? 1.6045609860476562 1.507976131389825 0.05242677617365721 0.22824793820055206 0.49961237898011224 0 0
6.82811 9.600441932678223 9.346960526416868 0.4466988792442718 12.610479354858398 15.940184593200684 ? 1.6045023801867255 1.509049045288935 0.053123839476233115 0.22852813100720082 0.4962827178940588 0 0
6.86327 9.642193794250488 9.399696937715165 0.44457892925655496 12.663662910461426 15.996318817138672 ? 1.6045233680868525 1.5100975780906876 0.05458175677603638 0.2286432101824683 0.49628177572968674 0 0
6.89764 9.683734893798828 9.444198413543289 0.44116798189223977 12.715554237365723 16.05319595336914 ? 1.6045334984997195 1.5110105166145682 0.057771394543006394 0.22900298856193002 0.4996536872085704 0 0
6.93211 9.727141380310059 9.443598001310141 0.4391208521927371 12.767596244812012 16.110469818115234 ? 1.6045523174323815 1.5119698865777558 0.05986830859615583 0.2309981207192483 0.4993196682422182 0 0
7.00014 9.812889099121094 9.559592655890345 0.43315410187856346 12.870506286621094 16.218048095703125 ? 1.6046566629178889 1.5136800317107018 0.06224452400436675 0.2306624122100039 0.49629301265135684 0 0
7.03331 9.85597038269043 9.599734967583977 0.43677361207699084 12.920726776123047 16.272703170776367 ? 1.6046673303970582 1.514431531428071 0.06318272862991542 0.2310970074895724 0.4994933684524298 0 0
7.06585 9.898564338684082 9.647754446579606 0.4382991888259745 12.97004508972168 16.32704734802246 ? 1.604706471174681 1.5151031333722043 0.061657028746678666 0.23121798240230618 0.49943751978791706 0 0
7.09792 9.937962532043457 9.687710915866978 0.440022948677861 13.018672943115234 16.378751754760742 ? 1.6046676573165637 1.5156925986650938 0.05993308750193227 0.2316057652177464 0.4995273257492352 0 0
7.12957 10.919853210449219 9.72945635027141 0.4410395150755397 13.06670093536377 16.430187225341797 ? 1.604708308762564 1.5161805982665626 0.05891639836584556 0.23189922013726033 0.49973789795521223 0 0
7.16088 10.978958129882812 9.768438653691266 0.4431442619144686 13.114173889160156 16.47856330871582 ? 1.6045976135977358 1.5166101534803524 0.05681183510512455 0.23228591434111462 0.4957977361937286 0 0
7.19203 10.055431365966797 9.81052752711413 0.44670709614837123 13.161337852478027 16.529245376586914 ? 1.6046959497084903 1.5169305853033181 0.05324826146359468 0.2325340062197112 0.49962749941703266 0 0
7.22336 11.096842765808105 9.841630612341019 0.45151826794471617 13.208935737609863 16.580163955688477 ? 1.6046070610856524 1.5171893815589637 0.04843660313366427 0.23320699160787933 0.49955345296535436 0 0
7.25539 10.131919860839844 9.878687013160087 0.4573710105293872 13.257575988769531 16.631576538085938 ? 1.604612100327718 1.5173800055346693 0.042583614843144435 0.23370488003769324 0.4962845148993037 0 0
7.28638 10.17196273803711 9.909280176293386 0.46112391900703553 13.304584503173828 16.681072235107422 ? 1.604589918272389 1.5175492951314968 0.038830009076747385 0.23438720117426742 0.4995030993317407 0 0
7.30528 11.24940299987793 9.938637774090061 0.46214711905965566 13.333284378051758 16.711959838867188 ? 1.6044971320237422 1.5176831168539289 0.0378066744655689 0.23442541742128226 0.49982521574572786 0 0
7.31723 10.210497856140137 9.946371809841812 0.46528850383082804 13.351410865783691 16.73233985900879 ? 1.6045605917103205 1.5177414512694463 0.03466533185930293 0.23482752194489376 0.49626226624043196 0 0
7.3321 11.296667098999023 9.95912300962152 0.4654086563837967 13.3740873336792 16.7552433013916 ? 1.6044818509700753 1.517811453159386 0.03454531732809896 0.2352377318188672 0.4947621720838948 0 0
7.34769 10.249573707580566 9.982314711630922 0.46631259476281234 13.397721290588379 16.78238296508789 ? 1.604593813674689 1.517845214888078 0.03364077471808985 0.23528214107163314 0.4998993351777056 0 0
7.36044 10.265904426574707 9.991904001114833 0.46752242258384946 13.417098999023438 16.802080154418945 ? 1.604468221666834 1.5179178537020015 0.03243087554063395 0.23568409135547824 0.4994029288315299 0 0
7.37366 11.374342918395996 10.014330075948116 0.464843004742703 13.437195777893066 16.8230037689209 ? 1.604427884837624 1.5178549042594371 0.03511053017775945 0.23563439686599258 0.4947621720838948 0 0
7.38654 11.399401664733887 10.024979496374167 0.46645317240933093 13.456668853759766 16.84337043762207 ? 1.6044509304634158 1.5178298620692352 0.03350026544889362 0.23598424661409967 0.49907512106214297 0 0
7.40156 10.321024894714355 10.037060907285491 0.4648259957819635 13.47944164276123 16.86861228942871 ? 1.6044873203704977 1.5177586910737992 0.03512756827919772 0.23641426961579065 0.4994405207286628 0 0
7.40156 10.321024894714355 10.037060907285491 0.4648259957819635 13.47944164276123 16.86861228942871 ? 1.6044873203704977 1.5177586910737992 0.03512756827919772 0.23641426961579065 0.4994405207286628 0 0
7.42752 11.478775024414062 10.066817011329123 0.46032458322208436 13.518774032592773 16.91001319885254 ? 1.6045458321878727 1.5176785938892525 0.03962989899882924 0.23682098430069448 0.4947621720838948 0 0
7.45139 11.52125072479248 10.096693163407375 0.45458014121877294 13.555041313171387 16.95050621032715 ? 1.6046088139557018 1.517496409279339 0.04537491556125284 0.2371012868349482 0.4947621720838948 0 0
7.46542 11.548842430114746 10.11618209874729 0.45024005256434424 13.576409339904785 16.9721736907959 ? 1.6045562461459417 1.5173110953034559 0.04971500868963746 0.2372095831917998 0.4990575301268134 0 0
7.48203 13.270856857299805 12.984735779028343 0.3203456449903918 13.601438522338867 16.997516632080078 ? 1.6046834150216165 1.5171654960323175 0.1390073733176312 0.2150690207622269 0.4995701383238851 0 0
7.51797 11.649083137512207 10.204078933551008 0.43505242030803587 13.65602970123291 17.055944442749023 ? 1.604649769577874 1.5169116824989795 0.06490458963471352 0.23702368201283247 0.4947621720838948 0 0
7.54163 10.505590438842773 10.241276558762443 0.4296797528038489 13.691932678222656 17.09933090209961 ? 1.6047083749573656 1.5166978842496124 0.06666891749539111 0.23703201187458978 0.49619416076479367 0 0
7.56589 11.738774299621582 10.269737367833159 0.42623024367938583 13.728671073913574 17.13378143310547 ? 1.604783608878527 1.5164659171013202 0.06631401277427207 0.23738006443440968 0.4947621720838948 0 0
7.58996 11.780722618103027 10.311749468136815 0.42137928734935975 13.765079498291016 17.17188262939453 ? 1.6048561879495282 1.516238438242739 0.06685200621870435 0.2372343849883609 0.4947621720838948 0 0
7.61357 11.826717376708984 10.335657544941506 0.41670847377603865 13.800911903381348 17.210634231567383 ? 1.6048193883377437 1.51604529586001 0.06905393116352554 0.2377182203560974 0.4947621720838948 0 0
7.63866 11.869083404541016 10.344947095226795 0.41184165221450625 13.838884353637695 17.25190544128418 ? 1.6048894312713429 1.5158414202681485 0.07244663877552132 0.23880032736080076 0.4947621720838948 0 0
7.68306 11.951981544494629 10.41700269365468 0.4134772488501354 13.906274795532227 17.32330322265625 ? 1.604906769233299 1.5154517848783777 0.07992619953111352 0.23872540801550912 0.4947621720838948 0 0
7.70983 12.003753662109375 10.459180500378833 0.4151353448946193 13.946673393249512 17.36751937866211 ? 1.6049825005191263 1.5151960793317316 0.08412543505672698 0.2387174521739151 0.4947621720838948 0 0
7.73433 12.048515319824219 10.491908688320613 0.4174583986520067 13.983732223510742 17.405580520629883 ? 1.6050474029971888 1.5149353428143382 0.08250037104485913 0.23892143540025357 0.4947621720838948 0 0
7.78625 10.845746040344238 10.570444579171662 0.42217487129766235 14.062410354614258 17.489944458007812 ? 1.605065944197588 1.514488965411663 0.07778299641690156 0.23905037800406054 0.4962401278211201 0 0
7.81367 12.194260597229004 10.605932328424188 0.42476539631738736 14.103782653808594 17.535934448242188 ? 1.605104854198125 1.5143251406577685 0.07519264253354274 0.23931409604845083 0.4947621720838948 0 0
7.83631 13.755508422851562 13.535198489026149 0.34006952066481283 14.138019561767578 17.572742462158203 ? 1.6050633207806402 1.5142002472963605 0.13728427071925164 0.2159986856152586 0.4962625171908292 0 0
7.86007 12.277033805847168 10.673069201108039 0.42168641313919164 14.17400074005127 17.60936737060547 ? 1.605156362080416 1.514160919491666 0.07827144625841431 0.23953644268708385 0.49963532959662327 0 0
7.88185 13.818873405456543 13.45237151354906 0.32597038072406986 14.206952095031738 17.645153045654297 ? 1.6050922249224393 1.5141281753047602 0.12337201362586758 0.24669878077744112 0.4995251535661157 0 0
7.93105 11.050969123840332 10.775695251314529 0.4075722427270703 14.28142261505127 17.724016189575195 ? 1.605074472619722 1.5142012931566993 0.08727366175004286 0.23990532105617957 0.49628795645913326 0 0
7.95585 13.978455543518066 13.694361289270711 0.3330051839138075 14.319023132324219 17.764177322387695 ? 1.6051681726095277 1.5143034033000935 0.13497563413914826 0.2226052051903285 0.49921021355701445 0 0
7.98155 12.50166130065918 10.850057251227595 0.39455884494502586 14.357726097106934 17.806468963623047 ? 1.6052176879673987 1.514538617347834 0.08641171229170025 0.24009089793568744 0.49915661075151724 0 0
8.00463 14.068840980529785 13.780272721981977 0.3237821218792808 14.392662048339844 17.84356117248535 ? 1.605273754001836 1.5147932178962153 0.13436448552238422 0.22055423186165324 0.49985397810529286 0 0
8.03126 14.1117525100708 13.796248634548972 0.3242793229372334 14.4330472946167 17.887187957763672 ? 1.6051934245465658 1.5151797801474693 0.13514643906406137 0.22635359646966002 0.49967516374428833 0 0
8.05659 14.152787208557129 13.84061649964206 0.32425188717681913 14.471317291259766 17.92622184753418 ? 1.60526798292821 1.5156082389551657 0.13688466281024386 0.22536457710685265 0.499927532356087 0 0
8.1079 12.731396675109863 14.040563287800795 0.32459982414693034 14.54917049407959 18.012104034423828 ? 1.605298117166867 1.5166927060628417 0.13668846422329783 0.1948993522420731 0.4947621720838948 0 0
8.13544 11.336679458618164 14.194934255827164 0.36358207003130794 14.590944290161133 18.055360794067383 ? 1.6053243747905817 1.5174937167455527 0.13640693809022109 0.16993965046668896 0.4955750453850795 0 0
8.16114 12.8323392868042 11.125088311443449 0.3738531942279112 14.629851341247559 18.0958309173584 ? 1.6053597538721966 1.5183431992067018 0.0739249095126655 0.24046131789521397 0.49948867536268476 0 0
8.18877 11.408470153808594 14.29222269188894 0.3608184453731334 14.671746253967285 18.138776779174805 ? 1.6053523112197292 1.5194214487019875 0.13916965401478915 0.1694054249673756 0.4947621720838948 0 0
8.21385 11.445816040039062 14.329353164846818 0.3614199351993231 14.709928512573242 18.18108367919922 ? 1.6053337121797455 1.5204974872087316 0.13853759921018555 0.16977252731896242 0.4947621720838948 0 0
8.2398 12.979582786560059 11.236249843017138 0.3698829851889401 14.749369621276855 18.224407196044922 ? 1.6053644298160032 1.5217402285384265 0.06091080040718416 0.24094734188121647 0.4947621720838948 0 0
8.26896 14.445563316345215 14.065139331964508 0.32102215204019974 14.793840408325195 18.269508361816406 ? 1.6053807652894998 1.5232669995801424 0.13684543375029967 0.2470158426610098 0.49979445898144786 0 0
8.29263 14.475017547607422 11.317815889655524 0.36952189365758914 14.829839706420898 18.307945251464844 ? 1.605363583937551 1.5245936601313412 0.06097875957151572 0.24105031700085994 0.4994165945003365 0 0
8.31334 13.113628387451172 11.34496312561554 0.3702298150955467 14.861268997192383 18.34233283996582 ? 1.6054778576563242 1.5258129723237928 0.07872928396092665 0.2412325675594869 0.4947621720838948 0 0
8.33845 11.619346618652344 11.373708075553802 0.37075547256426844 14.899593353271484 18.38222885131836 ? 1.6054713078608094 1.5273166858235248 0.08006280396137555 0.24161995470600295 0.49966011882492983 0 0
8.3608 13.99954891204834 11.403940418837417 0.37221696974933205 14.933812141418457 18.4198055267334 ? 1.6053489468917546 1.5286520370119254 0.0808782370312795 0.24182220508571756 0.49629101595126635 0 0
8.384 11.686258316040039 14.630263488213293 0.3639643943218213 14.969298362731934 18.456087112426758 ? 1.6053852544332003 1.5300481037995841 0.13600382195314553 0.16968294726621969 0.21230289507719619 0 0
8.43777 14.02907657623291 14.71808019940025 0.3660181368671253 15.05166244506836 18.542932510375977 ? 1.605427761780356 1.5331751208964173 0.13396907753765525 0.17014496052719236 0.21203225737925008 0 0
8.46308 14.222249031066895 11.535762185227313 0.37635901517524034 15.090571403503418 18.583702087402344 ? 1.6053185828100283 1.5345756029866535 0.08137549487184187 0.24288714975475578 0.49938996968808813 0 0
8.48939 14.081938743591309 11.577925409003608 0.3751882557725169 15.130903244018555 18.62749671936035 ? 1.605413205425822 1.5359563578855817 0.06410359178617048 0.24285320146067424 0.4998687147299498 0 0
8.51521 14.314477920532227 11.615523840096106 0.37326381965923205 15.170448303222656 18.66826629638672 ? 1.6054402925884828 1.5372587421085522 0.06399222872080401 0.242957167840278 0.4993681983585691 0 0
8.54113 14.147346496582031 11.665395852291223 0.37041941928389494 15.210375785827637 18.708866119384766 ? 1.6054536668113268 1.5384818296794212 0.07892961217782973 0.24265898619617 0.49922756604854773 0 0
8.56932 14.708492279052734 11.71013356199359 0.3688656381115031 15.253775596618652 18.755474090576172 ? 1.6054136176809544 1.5397984078047253 0.06234051085171438 0.24265589130788423 0.4995943200085265 0 0
8.59553 14.71474552154541 14.937755726351597 0.36571507672611886 15.294051170349121 18.79720687866211 ? 1.6055079235869005 1.5410111294303859 0.1342536435759819 0.17269385349585342 0.25182422163560036 0 0
8.62151 14.251893997192383 11.790617869083661 0.3626983485617292 15.334192276000977 18.84026336669922 ? 1.6053870759776918 1.5421782818471 0.06382032930224213 0.2427237162303123 0.49909268714474847 0 0
8.64627 14.285160064697266 11.843762288177976 0.355910806700327 15.372344017028809 18.88019561767578 ? 1.605371352218151 1.5433821710406075 0.05587587203384303 0.2422433180218569 0.49628372013906563 0 0
8.6717 13.765519142150879 11.882232095184463 0.3507986217192579 15.411646842956543 18.921649932861328 ? 1.6053646966586792 1.5448577517631634 0.0745442313836977 0.24228830735681128 0.4996563110098633 0 0
8.6935 12.06370735168457 15.084466181393683 0.3678498576325823 15.4453706741333 18.957223892211914 ? 1.6053872272956613 1.545974350495762 0.13213667928013623 0.1742551563832226 0.29080776513310935 0 0
8.71012 14.373025894165039 15.112244714461681 0.36879946120670226 15.470968246459961 18.983253479003906 ? 1.6054434189086595 1.5467759844297102 0.1311759212464046 0.17426260997515564 0.29147128784644816 0 0
8.72357 14.843376159667969 15.133864808123116 0.3692717918271586 15.491827964782715 19.005043029785156 ? 1.605405969858004 1.5474343186088402 0.13070854894760864 0.17435151330360482 0.2927590151955963 0 0
8.75189 14.89986515045166 12.032100933958905 0.3308770563572995 15.535655975341797 19.051910400390625 ? 1.605376153635677 1.5486825402598319 0.07255436020844075 0.24144678313574464 0.4947621720838948 0 0
8.77121 12.15102481842041 12.065103057432513 0.32777212650357496 15.565563201904297 19.082468032836914 ? 1.605411630696909 1.5495363423595863 0.06184604206666311 0.24134099053457542 0.4996516479636048 0 0
8.79539 12.18320369720459 15.241193789007044 0.37037768359217965 15.603082656860352 19.119827270507812 ? 1.6053959167317655 1.5505666029216092 0.12958934631800584 0.1757071642585335 0.3073256621800727 0 0
8.81829 12.229199409484863 15.278291740039787 0.3710583361529984 15.638484954833984 19.158340454101562 ? 1.6054445010920584 1.5514311216448164 0.12893501163816268 0.17574883798566637 0.3047998345039873 0 0
8.86981 12.342889785766602 12.226031510278409 0.31768874398950664 15.718474388122559 19.242321014404297 ? 1.6054221429078548 1.553375019728773 0.05953700267272316 0.24107598862085738 0.4987569522699912 0 0
8.89313 14.182636260986328 15.397606227049554 0.37024843614337577 15.75473690032959 19.277746200561523 ? 1.6053758314936406 1.5542617546658744 0.12972581551122458 0.17625367681440784 0.3013016511446649 0 0
8.91821 14.234092712402344 15.439790642920798 0.36831054529248203 15.793699264526367 19.320913314819336 ? 1.6054367676881494 1.5552578414206681 0.13165164894803583 0.17617793710991697 0.2961039907386791 0 0
8.94113 14.273414611816406 13.725512935776916 0.3053734331175193 15.82941722869873 19.355274200439453 ? 1.6054391362709617 1.5561660154380386 0.0600246458584906 0.2513360027834403 0.4996888805703662 0 0
8.96625 15.041319847106934 13.734683726856572 0.3092127455208226 15.868391036987305 19.397958755493164 ? 1.605350596860401 1.5572027200197267 0.06178749205790668 0.25043479792895873 0.4993277310166197 0 0
8.99099 15.3181734085083 15.568311385887124 0.3693209568295176 15.906960487365723 19.436859130859375 ? 1.6054374734892716 1.5581837515221466 0.13066492344166536 0.17575500869071747 0.2740233935731754 0 0
9.01683 12.587532043457031 15.456996246461499 0.335758751230434 15.947226524353027 19.47815704345703 ? 1.6054449125062176 1.5591386535611411 0.1311581977012966 0.20220373300450628 0.3946539815118521 0 0
9.04602 14.835055351257324 15.496545858580609 0.3359890855451296 15.992743492126465 19.528156280517578 ? 1.6054040204434377 1.5601432640119433 0.13130695565591838 0.20307301236039654 0.405642804637416 0 0
9.06743 15.462944984436035 13.82293786362584 0.3058101581883868 16.02620506286621 19.560810089111328 ? 1.6054094679465396 1.560851919054092 0.06063794461940586 0.2491806674590148 0.49992060158597623 0 0
9.09148 12.694131851196289 15.728367869860412 0.36443940346897175 16.063724517822266 19.600826263427734 ? 1.605415320459359 1.5615796928513743 0.13363940965143534 0.17661469540154207 0.2534668021879696 0 0
9.11508 14.93382740020752 15.593581467750656 0.33628158274412534 16.10070037841797 19.638017654418945 ? 1.605454490670564 1.5622968764853384 0.13227014351003497 0.20432956529389357 0.42965600602390364 0 0
9.14127 12.75874137878418 12.679086183020921 0.33521547388456346 16.141523361206055 19.681774139404297 ? 1.605357722606532 1.563078564825006 0.061746535963820126 0.2403496926393644 0.4996032565443609 0 0
9.16891 12.791757583618164 12.725140927254957 0.33878544093847157 16.184694290161133 19.725791931152344 ? 1.6055872891666698 1.5638832835027972 0.05880693347753252 0.2402945376064517 0.4962156682978552 0 0
9.19549 15.065460205078125 12.755611111514746 0.34281050585950107 16.226285934448242 19.768787384033203 ? 1.6054501786403312 1.5646661486728417 0.06239537478742435 0.24067085910278807 0.49939233163915003 0 0
9.21883 15.104986190795898 15.742765376848965 0.33890755783800985 16.2608699798584 19.807130813598633 ? 1.60246211331142 1.5647584950477778 0.14237994862315373 0.20728053502983035 0.49999999999999817 0 0
9.24627 15.145272254943848 15.778726672754251 0.3386458207260183 16.303844451904297 19.850440979003906 ? 1.602452082889534 1.5657567386259008 0.1450848083500822 0.20927065012993412 0.49999999999999817 0 0
9.26877 14.748894691467285 12.861056595924484 0.3497990517081302 16.339052200317383 19.8873233795166 ? 1.602430548207358 1.5666521974613554 0.05965746971804231 0.24119242262380114 0.49999999999999817 0 0
9.29245 14.781867027282715 12.890514031852861 0.35248522678440486 16.376169204711914 19.925376892089844 ? 1.6024582336746345 1.5676356254922654 0.059932602994473616 0.24145069394504592 0.49999999999999817 0 0
9.31771 14.817657470703125 12.921821578214951 0.35550789090848 16.41578483581543 19.967432022094727 ? 1.6024733643685634 1.5687064289344426 0.06174042643399241 0.2417335103922697 0.49999999999999817 0 0
9.34307 14.855240821838379 16.1231304498324 0.34936471041600814 16.45559310913086 20.007200241088867 ? 1.602458430429505 1.569818990325083 0.1506215787980728 0.17929368502219956 0.2180313745398772 0 0
9.36745 14.892134666442871 16.011850902421173 0.3373374273110332 16.493913650512695 20.046632766723633 ? 1.602425896583495 1.5708636000025404 0.15120480912279632 0.19732426865587294 0.49999999999999817 0 0
9.39208 14.929697036743164 13.01739037820179 0.36686640257432584 16.532615661621094 20.086517333984375 ? 1.6024504929892813 1.5719099986706144 0.06168034898546049 0.24248860336006056 0.49999999999999817 0 0
9.41824 14.97020149230957 16.112037148233867 0.3362262329716335 16.57379150390625 20.12904930114746 ? 1.602481748948882 1.5729671051219187 0.15133653941943082 0.1919353396543778 0.49999999999999817 0 0
9.4428 15.009089469909668 16.158312616044014 0.33483100418656675 16.61244010925293 20.168228149414062 ? 1.6024394772049182 1.5739144400922493 0.15154266958208212 0.18997971934883762 0.49999999999999817 0 0
9.46797 15.050830841064453 16.20113701471771 0.33670373774693957 16.65207862854004 20.209646224975586 ? 1.6024640247381778 1.5748509670879909 0.15200837493036495 0.18900906425231878 0.49999999999999817 0 0
9.49282 15.09040355682373 13.146593093681316 0.3792252476373626 16.69115447998047 20.249441146850586 ? 1.6024422410902015 1.575752002183298 0.04539344789282035 0.24355460020907266 0.49999999999999817 0 0
9.51715 15.130105972290039 16.413438689984112 0.34348295892871866 16.729557037353516 20.289640426635742 ? 1.602446967172769 1.5766384828424362 0.1531271995708029 0.17891573451536352 0.21451766361217378 0 0
9.53996 15.168132781982422 13.201890399401421 0.38465679018012405 16.76552391052246 20.326396942138672 ? 1.602525045735574 1.577485905465812 0.03509207723787533 0.24420370776378336 0.49999999999999817 0 0
9.56366 15.207419395446777 16.489670839318276 0.3418386579594201 16.8029842376709 20.363880157470703 ? 1.602434343183838 1.5783611753264333 0.15492817759595545 0.17858418039658447 0.21214327541792727 0 0
9.58775 15.248868942260742 13.25947112724273 0.39320962079027927 16.840913772583008 20.40287971496582 ? 1.602414904366752 1.57922758089171 0.026471998279898934 0.2448476668574338 0.49999999999999817 0 0
9.61343 15.292423248291016 16.44449965264013 0.3362098066452794 16.881484985351562 20.444284439086914 ? 1.602508531096979 1.5802337276954768 0.155318584032189 0.1844441726094328 0.49999999999999817 0 0
9.64012 15.339384078979492 16.48240665893982 0.33761762524114375 16.923660278320312 20.487937927246094 ? 1.6024411699430783 1.5811992339098164 0.1550284703764913 0.1847274000028286 0.49999999999999817 0 0
9.66543 15.381941795349121 16.559879440321353 0.3408103144243044 16.96370506286621 20.53113555908203 ? 1.602492161083797 1.5820890845668931 0.15488019818401866 0.18028581588179154 0.26408597213218943 0 0
9.69268 15.429268836975098 16.594013755852515 0.3443512976515895 17.006895065307617 20.575260162353516 ? 1.6024637135793245 1.5830450677202124 0.1549023279504126 0.18036018402844128 0.2797448125376669 0 0
9.71757 15.472922325134277 16.47464597343218 0.3899082396035412 17.046310424804688 20.61215591430664 ? 1.6024385431316392 1.5839259115014097 0.11008942602273597 0.22142306956411195 0.49999999999999817 0 0
9.74591 15.520081520080566 16.665158400262328 0.3524823527970644 17.091188430786133 20.658533096313477 ? 1.6024542835284936 1.5849238877778111 0.14749489492073675 0.18071347074678124 0.48196837820688426 0 0
9.77199 15.559717178344727 16.706725752226102 0.35672484699340246 17.132568359375 20.700756072998047 ? 1.602484962171389 1.585833065772515 0.14326883459599588 0.18045069344448145 0.3306573401096865 0 0
9.79771 15.59588623046875 16.740989048131194 0.36106065209973026 17.17336082458496 20.743593215942383 ? 1.6025089608675078 1.586724235383352 0.1389339034467631 0.1813477817755907 0.36024575140626314 0 0
9.82294 15.631518363952637 13.508638414767685 0.4313026405663837 17.213396072387695 20.783296585083008 ? 1.6024375507758875 1.5875873024443157 0.04023506364357471 0.2490225176784165 0.49999999999999817 0 0
9.84894 15.668993949890137 13.533543320915344 0.43740962304250647 17.25472640991211 20.825000762939453 ? 1.602437166143633 1.5884874619413982 0.038010053786624975 0.24956015577424007 0.49999999999999817 0 0
9.87388 15.706514358520508 16.85240025324325 0.3731262931365898 17.2943172454834 20.865020751953125 ? 1.6024816010649299 1.5893501426308168 0.1268343729562046 0.1839411711404616 0.4095522148596248 0 0
9.89565 15.740391731262207 16.78534721376801 0.38293540410072224 17.32892608642578 20.901653289794922 ? 1.602514039122934 1.5901518797268617 0.10926707847994982 0.21387133613043752 0.49999999999999817 0 0
9.92257 15.785246849060059 13.611493227875034 0.45160355680932057 17.37175941467285 20.944211959838867 ? 1.6025155249371605 1.5911493510141685 0.03729029977083759 0.25082825813777376 0.49999999999999817 0 0
9.94875 15.829997062683105 13.63663435702396 0.4548466596006179 17.413423538208008 20.986698150634766 ? 1.6025122612154696 1.5921893654916526 0.03672081599810756 0.2513570785889532 0.49999999999999817 0 0
9.97612 15.878715515136719 16.918270903857355 0.3911567697188202 17.45703887939453 21.031068801879883 ? 1.6024253461112787 1.593322807965682 0.10884086621878075 0.21239984616955665 0.49999999999999817 0 0
9.99845 15.918037414550781 13.687851271089023 0.46068477650498174 17.492721557617188 21.067020416259766 ? 1.6024918917343538 1.5942487105889291 0.02696784963305482 0.2522576694643215 0.49999999999999817 0 0
10.0219 15.958306312561035 17.003021435375654 0.39268696550613025 17.529991149902344 21.104963302612305 ? 1.602462212791096 1.5952062930000501 0.10729478299874828 0.2089572089917333 0.49999999999999817 0 0
10.0454 15.9960355758667 13.73196684941016 0.466295005086274 17.567596435546875 21.14309310913086 ? 1.6024695178651571 1.5961373496791318 0.023263419646456784 0.25322787053932205 0.49999999999999817 0 0
10.07 16.038162231445312 17.074992406486285 0.39071137770433323 17.606874465942383 21.182100296020508 ? 1.602423706502439 1.5971047715867115 0.10928575779765598 0.2101415598008055 0.49999999999999817 0 0
10.0925 16.07335090637207 17.11776633901183 0.39150041066762015 17.642845153808594 21.219316482543945 ? 1.6023920778730047 1.5979641545653456 0.10845732428596871 0.20819707865708054 0.49999999999999817 0 0
10.1145 16.107275009155273 17.153809008449063 0.3918337740969459 17.67807960510254 21.25313949584961 ? 1.602398363980191 1.5987947995216796 0.10812076525348352 0.2078282514370966 0.49999999999999817 0 0
10.1384 16.143291473388672 17.19519522762594 0.39199334466743413 17.71619987487793 21.29352378845215 ? 1.6024354041362998 1.599686770250752 0.10798879253757887 0.20676237949903825 0.49999999999999817 0 0
10.1633 16.182016372680664 13.84174766143759 0.4768692205068287 17.756000518798828 21.33385467529297 ? 1.602462725985279 1.6005921950771778 0.01777757525811291 0.255655172483247 0.49999999999999817 0 0
10.2351 17.05875587463379 13.898411999250461 0.4792158438152624 17.871112823486328 21.449779510498047 ? 1.6024003431305738 1.603130625171284 0.014028476439268966 0.2573843901581152 0.49999999999999817 0 0
10.3031 16.406461715698242 17.476259534866145 0.39201585152840274 17.980297088623047 21.55976104736328 ? 1.6023572023245876 1.6053571900129775 0.10794789522561665 0.20092223089483063 0.49999999999999817 0 0
10.3267 16.446969985961914 13.973900783823805 0.489276675783744 18.01811408996582 21.5981502532959 ? 1.6024329640909398 1.6060958749853085 0.01067438676118665 0.2594243037055861 0.49999999999999817 0 0
10.3728 14.612336158752441 17.59194892801658 0.3922588660613157 18.09222984313965 21.672704696655273 ? 1.6023623143348569 1.6075563899881256 0.10772242787811315 0.19951870204222305 0.49999999999999817 0 0
10.4148 14.684046745300293 17.65781643796246 0.39158897385268143 18.159948348999023 21.740652084350586 ? 1.602340555326204 1.608965503540221 0.10837368799632607 0.1998701345644504 0.49999999999999817 0 0
10.4377 14.721833229064941 14.097004445508333 0.4508028674289022 18.196739196777344 21.777774810791016 ? 1.6023208777825488 1.6097245951134578 0.011585451140796232 0.26098253752912676 0.49999999999999817 0 0
10.4573 14.752650260925293 14.108943712402551 0.44472471027207267 18.22817611694336 21.80936622619629 ? 1.6023586223877806 1.6103359211971784 0.012732590619060569 0.26149375172500433 0.49999999999999817 0 0
10.5221 15.460245132446289 14.18556341126819 0.4257754515070977 18.332775115966797 21.916568756103516 ? 1.6023230133860018 1.6119982531191523 0.0066826489432830205 0.2622131726730007 0.49999999999999817 0 0
10.5392 15.486794471740723 17.86559744574616 0.3920720105379617 18.3602352142334 21.941837310791016 ? 1.6023410474281905 1.612237987495818 0.10791371584053633 0.19688220977505455 0.49999999999999817 0 0
10.5541 15.508478164672852 17.886690107819224 0.39153125716489917 18.38434600830078 21.96603775024414 ? 1.602330854629912 1.6123423348899886 0.10842672732771319 0.19751789833918743 0.49999999999999817 0 0
10.5786 15.541939735412598 17.93061476843943 0.3920069320230811 18.423851013183594 22.00564193725586 ? 1.6022847532702995 1.6122297678383302 0.10797273416671765 0.1960503918614972 0.49999999999999817 0 0
10.5883 15.5547456741333 17.944769749153565 0.3919108298072548 18.439477920532227 22.021318435668945 ? 1.6022746950578546 1.6120183950842537 0.10806239566550907 0.19632685125930976 0.49999999999999817 0 0
10.7411 17.870004653930664 15.391963502742945 0.36158168635525756 18.685354232788086 22.268033981323242 ? 1.6023289498435564 1.6065064320657998 0.05636420776175438 0.23728830225692282 0.49999999999999817 0 0
10.7594 15.748336791992188 15.413929398101095 0.3603951711665978 18.714679718017578 22.297964096069336 ? 1.6022822214973895 1.606468952892414 0.057865594126682296 0.23730471698172234 0.49999999999999817 0 0
10.8601 18.439743041992188 18.399374851692627 0.3920852900717309 18.876562118530273 22.461061477661133 ? 1.6022658414907653 1.6064773075552279 0.10790413970741192 0.19043757837301079 0.49999999999999817 0 0
10.8761 18.460176467895508 18.428663369381066 0.392347338940016 18.902219772338867 22.487348556518555 ? 1.602261965799702 1.606327340863119 0.10762763759189548 0.18940395776788566 0.49999999999999817 0 0
10.9835 18.62461280822754 18.609735416786613 0.39244979198286434 19.07486343383789 22.659095764160156 ? 1.6022797107125641 1.6058410376822518 0.10751124842587295 0.18662716190865825 0.49999999999999817 0 0
11.0651 18.75062370300293 18.741830567429453 0.39197752897284277 19.205913543701172 22.792709350585938 ? 1.6022148716644682 1.6047789072037093 0.10798826216960888 0.1861483878119839 0.49999999999999817 0 0
11.3141 19.169214248657227 19.0770116672121 0.4022680971162247 19.60434341430664 23.194618225097656 ? 1.6021934620260292 1.5960607684221555 0.09768806296311355 0.2027151474390964 0.49999999999999817 0 0
11.3471 16.399023056030273 15.374224011832945 0.4972489606029284 19.65705108642578 23.248743057250977 ? 1.6021885249194294 1.595560495735651 0.0027013045540427716 0.26549895807325197 0.49999999999999817 0 0
11.3605 16.414064407348633 16.2066821521706 0.338098448375025 19.678550720214844 23.270471572875977 ? 1.602183387307608 1.5952895408203855 0.07094290597360042 0.2401798900095587 0.49999999999999817 0 0
11.4578 16.598712921142578 15.529070073908025 0.41846797896941945 19.833749771118164 23.42789077758789 ? 1.6020731860064112 1.594200016661867 0.08150454883723152 0.26623696031287963 0.49999999999999817 0 0
11.475 16.626800537109375 15.554828696733047 0.4168411985574223 19.861122131347656 23.455717086791992 ? 1.6020701911811746 1.5939369668672965 0.08314574279436698 0.26631286891118966 0.49999999999999817 0 0
11.5162 16.693748474121094 19.379323669595355 0.3678621507093684 19.926830291748047 23.522069931030273 ? 1.6020718426590417 1.5930259230224437 0.1082738923919564 0.20888994232021935 0.49999999999999817 0 0
11.5829 16.80573272705078 15.687571564201402 0.4095229335670392 20.033126831054688 23.630516052246094 ? 1.602062731765149 1.5917000329150204 0.09043269791407305 0.2674718992852315 0.49999999999999817 0 0
11.6057 16.84254264831543 16.51432411870261 0.3824065704976769 20.06934356689453 23.666547775268555 ? 1.602079926578374 1.5912670036804697 0.09365983671450917 0.24330215061469523 0.49999999999999817 0 0
